204,3
203,4
201,4
200,4
197,4
196,4
195,10
195,9
195,8
195,7
195,6
195,5
195,4
193,4
190,4
188,4
186,4
184,4
182,4
180,4
179,4
177,4
174,4
172,4
171,4
167,4
165,11
165,10
165,9
165,8
165,7
165,6
165,5
165,4
164,4
160,4
158,4
157,4
156,11
156,10
156,9
156,8
156,7
156,6
156,5
156,4
153,4
152,4
149,6
149,5
149,4
148,5
148,4
147,5
147,4
144,4
143,5
143,4
142,4
140,4
139,4
137,4
135,4
135,3
134,9
134,8
134,7
134,6
134,5
134,4
132,4
130,4
128,4
128,3
126,4
124,4
121,4
120,4
117,4
114,4
100,4
99,4
98,4
97,4
96,4
95,4
94,6
94,5
94,4
93,4
92,4
91,4
90,4
89,4
88,4
87,4
86,4
84,4
78,4
77,4
76,4
72,4
70,4
69,4
68,4
67,4
66,4
65,5
65,4
62,4
61,6
61,5
61,4
56,5
56,4
55,4
54,4
53,4
51,4
50,6
50,5
50,4
49,4
47,4
46,4
45,4
44,7
44,6
44,5
44,4
43,4
40,4
38,4
37,4
34,4
32,4
31,9
31,8
31,7
31,6
31,5
31,4
30,5
30,4
29,4
26,4
24,8
24,7
24,6
24,5
24,4
22,4
21,4
20,4
18,5
18,4
17,7
17,6
17,5
17,4
16,4
15,15
15,14
15,13
15,12
15,11
15,10
15,9
15,8
15,7
15,6
15,5
15,4
14,4
13,4
10,7
10,6
10,5
10,4
9,9
9,8
9,7
9,6
9,5
9,4
7,3
5,30
5,29
5,27
5,26
5,25
5,24
5,23
5,22
5,21
5,20
5,19
5,18
5,17
5,16
5,15
5,14
5,13
5,12
5,8
5,6
5,3
4,5
4,3
0,224
0,223
0,220
0,219
0,215
0,214
0,213
0,212
0,211
0,209
0,208
0,206
0,204
0,201
0,200
0,63
0,62
0,56
0,54
204,4
204,5
215,4
217,3
222,4
222,5
231,4
232,5
237,4
238,4
239,4
241,4
246,4
248,4
252,4
255,4
256,5
256,6
261,4
262,5
262,6
267,4
269,4
271,1
271,3
271,4
273,1
273,2
274,0
274,1
274,3
275,0
275,1
275,3
276,0
276,2
276,4
276,5
276,7
276,8
276,10
276,11
276,13
276,15
276,16
278,0
278,1
278,3
279,1
279,2
279,4
281,0
281,2
281,4
282,0
282,2
282,3
283,1
283,2
285,0
285,2
285,3
288,1
288,2
288,4
289,1
289,2
289,4
289,5
290,1
290,2
290,4
291,1
291,2
291,4
292,0
292,2
293,0
293,1
293,3
293,4
295,1
295,2
295,4
296,1
296,2
296,4
297,0
297,2
298,0
298,1
298,3
298,4
298,6
298,8
299,0
299,2
299,3
300,1
300,2
302,0
302,2
302,3
304,0
304,1
304,3
306,1
306,2
306,4
307,0
307,2
307,3
310,0
310,2
310,3
310,5
310,6
312,1
312,3
312,4
312,6
312,7
313,1
313,2
313,4
314,0
314,1
314,3
315,0
315,2
315,4
315,5
315,7
315,8
316,0
316,1
316,3
316,5
316,6
317,1
317,2
317,4
317,6
318,0
318,2
318,3
319,0
319,2
319,3
319,5
319,6
319,8
319,9
319,11
319,13
319,14
319,16
319,17
320,1
320,3
320,4
322,0
322,1
322,3
322,4
322,6
325,0
325,1
325,3
325,4
328,0
328,2
328,3
328,5
331,0
331,2
331,3
331,5
334,1
334,2
334,4
334,5
335,1
335,3
335,4
338,1
338,2
338,4
341,0
341,1
341,3
341,4
344,0
344,1
344,3
344,5
347,0
347,2
347,3
347,5
350,1
350,2
350,4
350,5
353,1
353,2
353,4
358,0
358,1
358,3
358,4
358,6
358,8
358,9
358,11
359,0
359,2
359,3
359,5
360,0
360,1
360,3
360,4
360,6
361,1
361,2
361,4
361,5
364,0
364,1
364,3
364,5
364,6
366,0
366,1
366,3
366,5
366,6
369,1
369,2
369,4
369,6
369,7
369,9
370,0
370,2
370,3
370,5
373,1
373,2
373,4
373,5
373,7
374,1
374,2
374,4
376,0
376,2
376,3
376,5
377,0
377,1
377,3
377,4
378,0
378,2
378,3
378,5
378,6
379,1
379,2
379,4
380,0
380,1
380,3
380,4
384,0
384,2
384,3
384,5
384,6
384,8
385,1
385,2
385,4
385,5
386,1
386,2
386,4
391,1
391,2
391,4
391,5
391,7
391,9
391,10
391,12
391,13
395,1
395,2
395,4
395,6
395,7
395,9
395,10
397,1
397,3
397,4
397,6
397,7
398,0
398,1
398,3
401,0
401,1
401,3
401,4
401,6
404,0
404,1
404,3
404,4
404,6
406,0
406,1
406,3
406,4
406,6
406,7
407,0
407,2
407,3
408,0
408,1
408,3
408,5
410,0
410,2
410,3
410,5
410,6
411,0
411,2
411,3
412,0
412,1
412,3
413,1
413,2
413,4
413,5
413,7
413,8
413,10
413,12
413,13
416,1
416,2
416,5
416,7
418,0
418,2
418,3
418,5
418,6
419,1
419,3
419,4
419,6
419,7
420,0
420,2
420,3
421,0
421,1
421,3
426,0
426,1
426,3
426,4
426,6
426,7
426,9
426,11
426,12
426,14
426,15
427,0
427,2
427,3
427,5
427,6
430,1
430,2
430,4
430,6
433,0
433,2
433,3
433,5
433,7
433,8
433,10
434,0
434,2
434,3
436,0
436,2
436,3
436,5
437,0
437,2
437,4
437,5
438,1
438,2
438,4
438,6
438,7
441,0
441,1
441,3
441,4
441,6
447,0
447,1
447,3
447,4
447,6
447,8
447,9
447,11
447,12
449,0
449,1
449,3
449,5
449,6
453,1
453,2
453,4
453,6
453,7
454,0
454,1
454,3
454,4
454,6
455,1
455,2
456,0
456,1
456,3
456,5
456,6
456,8
456,9
459,0
459,1
459,3
459,5
459,6
467,0
467,1
467,3
467,5
467,6
467,8
467,9
467,11
468,1
468,2
468,4
468,5
470,1
470,2
470,4
470,6
472,0
472,2
472,3
472,5
473,0
473,1
473,3
473,4
474,0
474,1
474,3
475,1
475,2
475,4
475,5
476,1
476,3
476,4
478,0
478,1
478,3
478,4
478,6
478,5
478,2
476,5
476,2
476,0
475,3
475,0
474,2
473,5
473,2
472,6
472,4
472,1
470,5
470,3
470,0
468,3
468,0
467,10
467,7
467,4
467,2
459,7
459,4
459,2
456,10
456,7
456,4
456,2
455,3
455,0
454,5
454,2
453,8
453,5
453,3
453,0
449,4
449,2
447,13
447,10
447,7
447,5
447,2
441,7
441,5
441,2
438,8
438,5
438,3
438,0
437,3
437,1
436,4
436,1
434,4
434,1
433,9
433,6
433,4
433,1
430,5
430,3
430,0
427,4
427,1
426,16
426,13
426,10
426,8
426,5
426,2
421,4
421,2
420,4
420,1
419,8
419,5
419,2
419,0
418,4
418,1
416,6
416,3
416,0
413,11
413,9
413,6
413,3
413,0
412,2
411,4
411,1
410,7
410,4
410,1
408,4
408,2
407,4
407,1
406,8
406,5
406,2
404,7
404,5
404,2
401,7
401,5
401,2
398,4
398,2
397,8
397,5
397,2
397,0
395,8
395,5
395,3
395,0
391,11
391,8
391,6
391,3
391,0
386,3
386,0
385,3
385,0
384,7
384,4
384,1
380,5
380,2
379,5
379,3
379,0
378,4
378,1
377,5
377,2
376,6
376,4
376,1
374,3
374,0
373,6
373,3
373,0
370,4
370,1
369,8
369,5
369,3
369,0
366,4
366,2
364,7
364,4
364,2
361,6
361,3
361,0
360,5
360,2
359,6
359,4
359,1
358,10
358,7
358,5
358,2
353,5
353,3
353,0
350,3
350,0
347,4
347,1
344,4
344,2
341,5
341,2
338,5
338,3
338,0
335,2
335,0
334,3
334,0
331,4
331,1
328,4
328,1
325,5
325,2
322,7
322,5
322,2
320,5
320,2
320,0
319,15
319,12
319,10
319,7
319,4
319,1
318,4
318,1
317,5
317,3
317,0
316,4
316,2
315,9
315,6
315,3
315,1
314,2
313,5
313,3
313,0
312,5
312,2
312,0
310,4
310,1
307,4
307,1
306,3
306,0
304,2
302,4
302,1
300,3
300,0
299,1
298,7
298,5
298,2
297,3
297,1
296,3
296,0
295,3
295,0
293,2
292,3
292,1
291,3
291,0
290,3
290,0
289,3
289,0
288,3
288,0
285,1
283,3
283,0
282,1
281,3
281,1
279,3
279,0
278,2
276,17
276,14
276,12
276,9
276,6
276,3
276,1
275,2
274,4
274,2
273,3
273,0
271,2
271,0
264,4
262,4
259,4
256,4
251,4
242,4
239,5
237,5
232,4
222,6
217,4
206,4
0,210
0,207
0,227
0,226
0,193
0,196
0,197
0,60
1,45
3,44
2,44
1,44
3,43
2,43
1,43
3,42
2,42
1,42
3,41
2,41
1,41
3,40
2,40
1,40
3,39
2,39
1,39
3,38
2,38
1,38
3,37
2,37
1,37
3,36
2,36
1,36
3,35
2,35
1,35
3,34
2,34
1,34
3,33
2,33
1,33
3,32
2,32
1,32
3,31
2,31
1,31
3,30
2,30
1,30
3,29
2,29
1,29
3,28
2,28
1,28
3,27
2,27
1,27
3,26
2,26
1,26
3,25
2,25
1,25
3,24
2,24
1,24
3,23
2,23
1,23
3,22
2,22
1,22
3,21
2,21
1,21
3,20
2,20
1,20
3,19
2,19
1,19
3,18
2,18
1,18
3,17
2,17
1,17
3,16
2,16
1,16
3,15
2,15
1,15
3,14
2,14
1,14
3,13
2,13
1,13
3,12
2,12
1,12
3,11
2,11
1,11
3,10
2,10
1,10
3,9
2,9
1,9
3,8
2,8
1,8
3,7
2,7
1,7
3,6
2,6
1,6
3,5
2,5
1,5
3,4
2,4
1,4
3,3
2,3
1,3
0,6
0,5
0,47
0,46
0,49
0,48
0,45
0,203
0,12
0,50
0,10
0,59
0,8
0,192
0,11
0,7
0,4
0,3
